name	short	t0set	num	nMapped	nPastEnd	nGenic	nUsed	gMed	gMedt0	gMean	cor12	mad12	mad12c	mad12c_t0	opcor	adjcor	gccor	maxFit	u
set1IT002	Time0	6/19/2014 Keio_ML9_set1	2	1959009	0	1336684	1327320	227	391	364.048272078991	-0.0290799003641992	0.14801685785637	0.662965012722429	0.638325726319882	-0.0149190023171251	0.0536809574138006	0.0351497559629009	1.0717553350749	FALSE
set1IT003	D-Glucose (C)	6/19/2014 Keio_ML9_set1	3	1831987	0	1245629	1234936	217	618.5	338.709818979704	0.316367584696065	0.154177014233616	0.662418640801152	0.645434697320285	0.2044370202129	0.00823519514255229	-0.0824140818489389	1.02508769720569	TRUE
set1IT004	D-Glucose (C)	6/19/2014 Keio_ML9_set1	4	1718470	0	1168204	1158354	203	618.5	317.705430608886	0.281501015467897	0.173209149639333	0.661831264105427	0.645434697320285	0.209938952497849	0.00264339787308265	-0.0804003718954416	1.26120837383971	TRUE
set1IT005	D-Fructose (C)	6/19/2014 Keio_ML9_set1	5	1999827	0	1359778	1348439	234	618.5	369.840647284696	0.323229246510577	0.1486241098679	0.654355836138831	0.645434697320285	0.251006481766877	0.02456539643111	-0.0907922847073099	0.938187763919024	TRUE
set1IT006	D-Fructose (C)	6/19/2014 Keio_ML9_set1	6	2139479	0	1454760	1442740	250	618.5	395.704882062534	0.325265114900331	0.1505492979587	0.67111914447087	0.645434697320285	0.252326986127772	0.0146118942757965	-0.0823548652962356	0.893777048982299	TRUE
set1IT007	Sucrose (C)	6/19/2014 Keio_ML9_set1	7	1916286	0	1303666	1292890	222	618.5	354.60504662644	0.308608728727429	0.166480107445672	0.652076696579693	0.645434697320285	0.255882336974116	0.0280101309859576	-0.0901659175195803	1.06690644014618	TRUE
set1IT008	Sucrose (C)	6/19/2014 Keio_ML9_set1	8	2040747	0	1386624	1375106	240	618.5	377.154690071311	0.311261567291895	0.167676518326054	0.649502752915867	0.645434697320285	0.25420477033294	0.0325268686168563	-0.085037722045666	0.940151053656022	TRUE
set1IT009	D-Maltose (C)	6/19/2014 Keio_ML9_set1	9	1754274	0	1191498	1181658	206	618.5	324.097092704334	0.390591303777586	0.17905671278978	0.678071905112638	0.645434697320285	0.253744766989735	0.0823509924823973	-0.0860350765557787	1.63290903493601	TRUE
set1IT010	D-Maltose (C)	6/19/2014 Keio_ML9_set1	10	1627007	0	1104817	1095827	187.5	618.5	300.555951727921	0.380540894976962	0.172521032997246	0.67580173148781	0.645434697320285	0.254954724715606	0.0843557626930532	-0.0946641259306392	1.69105275565724	TRUE
set1IT011	D-Xylose (C)	6/19/2014 Keio_ML9_set1	11	1608814	0	1091341	1082292	186.5	618.5	296.843664289632	0.406382574405269	0.182768217964567	0.687409769691974	0.645434697320285	0.265990136429798	0.0471222236117927	-0.0866036696399149	1.95425637473176	TRUE
set1IT012	D-Xylose (C)	6/19/2014 Keio_ML9_set1	12	1926399	0	1305198	1294587	225	618.5	355.070488206253	0.453940501604292	0.163896384850858	0.671767328258428	0.645434697320285	0.290644401134158	0.0870524946062036	-0.0909336189763781	1.94434064683892	TRUE
set1IT013	D-Galactose (C)	6/19/2014 Keio_ML9_set1	13	1693864	0	1151047	1141331	199	618.5	313.036478332419	0.298510561565746	0.169620700244048	0.647698256069119	0.645434697320285	0.214178323129362	0.0807394831505067	-0.0869063830122764	2.90705453121279	TRUE
set1IT014	D-Galactose (C)	6/19/2014 Keio_ML9_set1	14	1639054	0	1113627	1104041	192	618.5	302.80883159627	0.270966863446205	0.176449769827401	0.670935723831009	0.645434697320285	0.176855786573935	0.0287019751715408	-0.0835503010284921	3.46201688619589	TRUE
set1IT015	D-Ribose (C)	6/19/2014 Keio_ML9_set1	15	1640776	0	1115769	1106014	186	618.5	303.349972572682	0.43685417937878	0.200518638553498	0.688798311705696	0.645434697320285	0.268066878505027	0.0720551553251554	-0.086993286796986	5.87717783785726	TRUE
set1IT016	D-Ribose (C)	6/19/2014 Keio_ML9_set1	16	1840899	0	1251392	1240551	210	618.5	340.249862863412	0.441777841674389	0.200748451732232	0.682029918681321	0.645434697320285	0.31052064042103	0.0796540597654969	-0.0858112274320601	5.92278943712401	TRUE
set1IT017	L-Fucose (C)	6/19/2014 Keio_ML9_set1	17	1695199	0	1153353	1143260	199	618.5	313.565551289084	0.379197482665727	0.192002559027894	0.679250096309919	0.645434697320285	0.273177142102986	0.041994326912892	-0.0824134424255593	1.9867860494178	TRUE
set1IT018	L-Fucose (C)	6/19/2014 Keio_ML9_set1	18	1701212	0	1155963	1146021	199	618.5	314.32281952825	0.386253957127719	0.178707459382928	0.67069237474704	0.645434697320285	0.284046580740449	0.0762236643734925	-0.0850066721844464	1.85522575854852	TRUE
set1IT019	a-Ketoglutaric (C)	6/19/2014 Keio_ML9_set1	19	1743333	0	1183647	1160886	173	618.5	318.39989029073	0.422589348425858	0.249069180049099	0.740132873244889	0.645434697320285	0.269015637645531	0.0158717394973919	-0.0788858782539014	6.95175652236601	TRUE
set1IT020	a-Ketoglutaric (C)	6/19/2014 Keio_ML9_set1	20	1777777	0	1207969	1181163	170	618.5	323.961327482172	0.421993441248539	0.245895959560395	0.739133430848916	0.645434697320285	0.287058412763636	0.033690259000938	-0.0702524887584333	7.19674425207218	TRUE
set1IT021	D-Glucuronic Acid (C)	6/19/2014 Keio_ML9_set1	21	1784382	0	1214801	1203872	210	618.5	330.18979703785	0.32315405657743	0.179934829282122	0.675160309692734	0.645434697320285	0.250380387207765	0.0642077605643975	-0.0705196282129623	2.17985316935823	TRUE
set1IT022	D-Glucuronic Acid (C)	6/19/2014 Keio_ML9_set1	22	1784485	0	1215928	1205202	209	618.5	330.554580362041	0.354732806731231	0.163578102588183	0.667923949736555	0.645434697320285	0.281127212682222	0.0337647851400492	-0.0742422388866069	1.9957555663749	TRUE
set1IT023	D-Gluconic Acid (C)	6/19/2014 Keio_ML9_set1	23	1523126	0	1035303	1026541	177.5	618.5	281.552660449808	0.324749480468869	0.167875733293721	0.672160942623027	0.645434697320285	0.231179994353792	0.0841941420999379	-0.0892243361154962	1.03929680859949	TRUE
set1IT024	D-Gluconic Acid (C)	6/19/2014 Keio_ML9_set1	24	1642757	0	1116721	1107188	198	618.5	303.671969281404	0.306251335809286	0.157939252692325	0.659509454086209	0.645434697320285	0.209516024520856	0.0481156909749274	-0.0894893157389795	0.939313197095061	TRUE
set1IT025	D-Glucose-6-Phosphate (C)	6/19/2014 Keio_ML9_set1	25	1735821	0	1180465	1170464	207.5	618.5	321.026878771256	0.349065994086084	0.152489083583024	0.666576266274808	0.645434697320285	0.218647230122226	0.0145890838356704	-0.099002222038707	1.41237955046903	TRUE
set1IT026	D-Glucose-6-Phosphate (C)	6/19/2014 Keio_ML9_set1	26	1618145	0	1099990	1090732	195	618.5	299.158529895776	0.330929834928805	0.166804883029124	0.661475394581942	0.645434697320285	0.202914789415245	0.0224917190436876	-0.101137567832603	1.40294365840577	TRUE
set1IT027	acetate (C)	6/19/2014 Keio_ML9_set1	27	1727849	0	1173818	1159930	178	618.5	318.137685134394	0.391243803817059	0.288758425341844	0.768674453893545	0.645434697320285	0.278165298297073	0.0237937864562476	-0.059755556492944	6.60124721173618	TRUE
set1IT028	acetate (C)	6/19/2014 Keio_ML9_set1	28	1626112	0	1103333	1092105	177	618.5	299.535106966539	0.395231264810357	0.263420257179644	0.736965594166207	0.645434697320285	0.27723419192747	0.0269646330661212	-0.0647559800350338	5.79592218588174	TRUE
set1IT029	Fumarate (C)	6/19/2014 Keio_ML9_set1	29	1721671	0	1158213	1134865	50	618.5	311.263027975864	0.370947272270745	0.403299246001043	0.902702798645085	0.645434697320285	0.232279211519086	0.0593795778247623	0.00986715616332181	10.5251946067026	TRUE
set1IT030	Fumarate (C)	6/19/2014 Keio_ML9_set1	30	1596625	0	1076217	1053622	49	618.5	288.980252331322	0.361755630519057	0.406080792224581	0.866733469136536	0.645434697320285	0.177539645054264	0.0494631210904202	0.00914728438199205	10.3912124641709	FALSE
set1IT031	D-Lactate (C)	6/19/2014 Keio_ML9_set1	31	1635412	0	1111906	1102276	193	618.5	302.324739440483	0.342897008468973	0.216707910802078	0.685891409571937	0.645434697320285	0.249136747144103	0.0183888381134516	-0.0724242835724727	2.18252127807892	TRUE
set1IT032	D-Lactate (C)	6/19/2014 Keio_ML9_set1	32	1550780	0	1053881	1044828	183.5	618.5	286.568294020845	0.382106039880092	0.185388629229451	0.678071905112637	0.645434697320285	0.283430868166889	0.0900890700000285	-0.0695725665233224	2.32956851195887	TRUE
set1IT033	L-Lactate (C)	6/19/2014 Keio_ML9_set1	33	1647304	0	702736	702719	0	618.5	192.736972024136	0.142945632135206	0.465180596940477	0	0.645434697320285	0.0606044102373185	-0.00202798651802076	-0.0271313405323609	6.88696083349981	FALSE
set1IT034	L-Lactate (C)	6/19/2014 Keio_ML9_set1	34	1745417	0	726290	726277	0	618.5	199.198299506308	0.115984365604233	0.426496072110914	0	0.645434697320285	0.0660016867512461	0.0027427967035176	-0.0310125774105149	15.2786128401935	FALSE
set1IT035	D,L-Lactate (C)	6/19/2014 Keio_ML9_set1	35	1617859	0	1098867	1089734	190	618.5	298.884805266045	0.340509523961029	0.16366092116053	0.654503433974233	0.645434697320285	0.252702462292332	0.0565658569531135	-0.0772516684405093	1.8976261641661	TRUE
set1IT036	D,L-Lactate (C)	6/19/2014 Keio_ML9_set1	36	1612966	0	1096348	1087150	191	618.5	298.176083379046	0.33602266156021	0.171343146662765	0.659659867998757	0.645434697320285	0.270753315330273	0.0295447924854929	-0.0730373649918191	1.99694070193208	TRUE
set1IT037	pyruvate (C)	6/19/2014 Keio_ML9_set1	37	1606732	0	1094195	1084293	192	618.5	297.392484914975	0.331411568077779	0.185547798690395	0.662965012722429	0.645434697320285	0.207839541676005	0.0491089278937727	-0.048448880075289	2.11578648896219	TRUE
set1IT038	pyruvate (C)	6/19/2014 Keio_ML9_set1	38	1818363	0	1237898	1226809	219	618.5	336.480800877674	0.356742545671069	0.164191895101048	0.673233348176256	0.645434697320285	0.229324700955334	0.054021658738942	-0.0426778152534846	1.9858418035152	TRUE
set1IT039	succinate (C)	6/19/2014 Keio_ML9_set1	39	1610300	0	1083528	1071170	163.5	618.5	293.793198025233	0.487928397897553	0.233790323706708	0.736965594166206	0.645434697320285	0.256497503238999	0.0225151717906835	-0.0501762606938118	6.38914479025182	TRUE
set1IT040	succinate (C)	6/19/2014 Keio_ML9_set1	40	1786544	0	1205679	1193047	185.5	618.5	327.220789906747	0.485296461703187	0.218082637160602	0.741868555693607	0.645434697320285	0.316277657156737	0.0724964383386662	-0.0508930645481954	5.92660071365207	TRUE
set1IT041	Glycolic Acid (C)	6/19/2014 Keio_ML9_set1	41	1742803	0	1180301	1168583	194	618.5	320.510970927043	0.555259682396057	0.246348080748086	0.694034199868626	0.645434697320285	0.348335017150008	0.108332257053424	-0.018636157635039	4.14636893287988	TRUE
set1IT042	Glycolic Acid (C)	6/19/2014 Keio_ML9_set1	42	1581733	0	1071770	1061089	178	618.5	291.028250137137	0.536271380578373	0.252376385990856	0.710493382805015	0.645434697320285	0.31352673824622	0.0735104713300507	-0.0310628496819651	4.53948097703447	TRUE
set1IT043	D-Mannitol (C)	6/19/2014 Keio_ML9_set1	43	1647074	0	1118974	1109585	197	618.5	304.329402084476	0.314277962680283	0.163937101379165	0.644341047800087	0.645434697320285	0.239890323446365	0.108360793639547	-0.0817363988056818	0.910913643650574	TRUE
set1IT044	D-Mannitol (C)	6/19/2014 Keio_ML9_set1	44	1670062	0	1135152	1125610	199	618.5	308.724629731212	0.300207510829879	0.162951288815342	0.660793913680802	0.645434697320285	0.240832517625509	0.0147632998829095	-0.0917946361516112	1.14394994478789	TRUE
set1IT045	D-Galacturonic Acid (C)	6/19/2014 Keio_ML9_set1	45	1721912	0	1170890	1160720	201	618.5	318.3543609435	0.400801586558603	0.160441374279592	0.664132714154764	0.645434697320285	0.278328935841611	0.0742216519539562	-0.0818408534586936	1.74774095676932	TRUE
set1IT046	D-Galacturonic Acid (C)	6/19/2014 Keio_ML9_set1	46	1599315	0	1085830	1076351	189	618.5	295.214207350521	0.374965942552089	0.166776949296001	0.647698256069119	0.645434697320285	0.289635402246305	0.0438620593856077	-0.0853992962694998	1.92687415693107	TRUE
set1IT047	Glycerol (C)	6/19/2014 Keio_ML9_set1	47	1468770	0	999609	991355	173	618.5	271.902084476138	0.322690265348316	0.15976359821998	0.662605103766866	0.645434697320285	0.238717711902539	0.109776593062105	-0.0817582524548489	1.08464902262539	TRUE
set1IT048	Glycerol (C)	6/19/2014 Keio_ML9_set1	48	1629671	0	1107939	1098537	189	618.5	301.299232035107	0.317862292300433	0.164738573208647	0.662965012722429	0.645434697320285	0.250228998846297	0.0797164470741421	-0.0797342012373244	1.2203599212853	TRUE
set1IT049	Time0	6/19/2014 Keio_ML9_set1	49	1597750	0	1089887	1082227	186.5	431	296.825836533187	0.0159374422076387	0.154600886139544	0.637429920615292	0.649636826150562	0.00705065723461088	0.0248403675419101	-0.00202970107767106	1.01749492072515	FALSE
set1IT050	Time0	6/19/2014 Keio_ML9_set1	50	1755769	0	1197394	1189053	203.5	414.5	326.12534284147	0.032843391138178	0.156494438103025	0.641824837676833	0.657398336847888	-0.0397644050089614	-0.0163286411012037	-0.0327799015401198	0.851225976920326	FALSE
set1IT051	D-Sorbitol (C)	6/19/2014 Keio_ML9_set1	51	1679862	0	1141913	1132485	198	618.5	310.610257816786	0.344310713068219	0.161684961854776	0.665580960929441	0.645434697320285	0.259650567551314	0.0401547071593983	-0.0834491184682942	0.903746010809333	TRUE
set1IT052	D-Sorbitol (C)	6/19/2014 Keio_ML9_set1	52	1622984	0	1103540	1094474	193	618.5	300.18486012068	0.328565200396885	0.161118342918795	0.67069237474704	0.645434697320285	0.294894501166716	0.0612801784707238	-0.0830565753699123	0.881526190240834	TRUE
set1IT053	L-Malic (C)	6/19/2014 Keio_ML9_set1	53	1557921	0	1047809	1036599	166	618.5	284.311300054855	0.475033696928876	0.257174932842953	0.745427172914402	0.645434697320285	0.286472167155201	0.0867844406169248	-0.0459266459130652	4.75860064178204	TRUE
set1IT054	L-Malic (C)	6/19/2014 Keio_ML9_set1	54	1736326	0	1166890	1154490	183	618.5	316.6456390565	0.457336340302031	0.255326211177674	0.736965594166207	0.645434697320285	0.297361197362124	0.0483234434837245	-0.0581285828003577	4.96484052001415	TRUE
set1IT055	D-Trehalose (C)	6/19/2014 Keio_ML9_set1	55	1680525	0	1140805	1131278	196	618.5	310.279210093253	0.417700158531999	0.174747102397134	0.668018240448713	0.645434697320285	0.263160984851627	0.0500324732644822	-0.106745171612487	1.82030563415449	TRUE
set1IT056	D-Trehalose (C)	6/19/2014 Keio_ML9_set1	56	1750668	0	1188443	1178451	202	618.5	323.217498628634	0.382377514877568	0.184321915195628	0.675565049502063	0.645434697320285	0.266271070231791	0.0700490812496097	-0.10270360332788	1.7903283445475	TRUE
set1IT057	D-Serine (C)	6/19/2014 Keio_ML9_set1	57	1587572	0	1127227	1116842	138	618.5	306.319802523313	0.359561371720432	0.216128944670206	0.719099173372692	0.645434697320285	0.259301123295758	0.0578932738346953	-0.0532698944600425	8.55757852110603	TRUE
set1IT058	D-Serine (C)	6/19/2014 Keio_ML9_set1	58	1731194	0	1228603	1216898	150	618.5	333.762479429512	0.403789310718898	0.209284453972924	0.700439718141092	0.645434697320285	0.238717710257852	0.0671310597115475	-0.0582632755681944	8.45043313323611	TRUE
set1IT059	casaminos (C)	6/19/2014 Keio_ML9_set1	59	1675096	0	1141719	1132233	203	618.5	310.541140976413	0.26900558858641	0.171202062335231	0.663817921432396	0.645434697320285	0.150869344883148	0.0222335054823048	-0.0434796770307037	1.65792418902485	TRUE
set1IT060	casaminos (C)	6/19/2014 Keio_ML9_set1	60	1602488	0	1090795	1081526	196	618.5	296.633571036753	0.2668718810716	0.165416591834086	0.645033419575574	0.645434697320285	0.214059428853532	0.0269371013970603	-0.0492968214323374	1.83018187675794	TRUE
set1IT061	NAG (C)	6/19/2014 Keio_ML9_set1	61	1749471	0	1189231	1179148	206	618.5	323.408667032364	0.319204682099967	0.16011114095829	0.669026765509631	0.645434697320285	0.229967089213338	0.071305064879366	-0.0860359712475573	1.27862414768509	TRUE
set1IT062	NAG (C)	6/19/2014 Keio_ML9_set1	62	1920641	0	1306066	1294959	228	618.5	355.172517827756	0.315803303991566	0.155324535563024	0.67224282631044	0.645434697320285	0.226957568939536	0.0575557069858134	-0.0925842905981876	1.05933021884458	TRUE
set1IT063	D-Glucosamine Hydrochloride (C)	6/19/2014 Keio_ML9_set1	63	1673522	0	1138422	1128487	196	618.5	309.513713658804	0.335991677596561	0.198227391241547	0.660063955961876	0.645434697320285	0.206427656815817	0.0606555046825786	-0.0951409311065932	2.16722311478389	TRUE
set1IT064	D-Glucosamine Hydrochloride (C)	6/19/2014 Keio_ML9_set1	64	1510988	0	1028335	1019241	181	618.5	279.550466264399	0.316550331705473	0.23783634117713	0.678071905112637	0.645434697320285	0.218754186559638	0.0149230118726804	-0.0819984662219027	1.98301266469537	TRUE
set1IT065	D-Mannose (C)	6/19/2014 Keio_ML9_set1	65	1541066	0	1047246	1038481	183	618.5	284.827482172244	0.282912010968869	0.163953306129705	0.652805146502208	0.645434697320285	0.254838763200812	0.0522333658011753	-0.0841022251364342	0.858056043720863	TRUE
set1IT066	D-Mannose (C)	6/19/2014 Keio_ML9_set1	66	1693675	0	1151420	1141684	200	618.5	313.133296763577	0.312797012506072	0.16047957798095	0.651051691178928	0.645434697320285	0.23698660164317	0.0804210060880413	-0.089554375544702	0.986895468317601	TRUE
set1IT067	D-Galacturonic Acid (C) MOPS	6/19/2014 Keio_ML9_set1	67	1555286	0	1060541	1051356	189	618.5	288.358749314317	0.174441921739932	0.152509322323798	0.652076696579694	0.645434697320285	0.108531773407446	-0.00356448099681937	-0.0164471076647006	2.14290652992252	TRUE
set1IT068	D-Galacturonic Acid (C) MOPS	6/19/2014 Keio_ML9_set1	68	1430170	0	974038	965826	175	618.5	264.900164563906	0.162679817940981	0.161170238181352	0.656515761746189	0.645434697320285	0.144359847712714	0.0388022052858706	-0.0178448340541024	1.35537235011413	TRUE
set1IT069	D-Glucose (C) MOPS	6/19/2014 Keio_ML9_set1	69	1461688	0	997643	989343	163	618.5	271.350246845858	0.1264247209544	0.16444910169139	0.664579668784524	0.645434697320285	0.0614455900992985	0.0158070254738448	-0.000375394790077817	1.62394520975069	TRUE
set1IT070	D-Glucose (C) MOPS	6/19/2014 Keio_ML9_set1	70	1534551	0	1047175	1038375	172	618.5	284.798409215579	0.140548997077095	0.165635265599342	0.658565590761154	0.645434697320285	0.120662623592241	0.0503702209687356	0.0170437795953594	2.02034709001636	TRUE
set1IT071	L-Arginine (N)	6/19/2014 Keio_ML9_set1	71	1491551	0	1037262	1023638	99	618.5	280.756445419638	0.234764951197324	0.234368267530169	0.736965594166206	0.645434697320285	0.162714240041603	-0.0157170366910677	-0.0276341239057773	9.79158622543315	TRUE
set1IT072	L-Arginine (N)	6/19/2014 Keio_ML9_set1	72	1538792	0	1067328	1052971	106.5	618.5	288.801700493692	0.221061412983799	0.246253761446616	0.710493382805015	0.645434697320285	0.171363033067938	0.0569581195005824	-0.0244664245389634	9.66472735591454	TRUE
set1IT073	L-Aspartic Acid (N)	6/19/2014 Keio_ML9_set1	73	1413626	0	961142	952869	169	618.5	261.346407021393	0.288256152385233	0.165948732012882	0.669354688011529	0.645434697320285	0.208779659740207	0.0252496124128097	-0.0777971383899816	2.05569674239369	TRUE
set1IT074	L-Aspartic Acid (N)	6/19/2014 Keio_ML9_set1	74	1272809	0	866258	858763	151	618.5	235.535655512891	0.269316235077591	0.184564820367065	0.683327630564134	0.645434697320285	0.22236513393042	0.0922581757506835	-0.0681225040385133	2.03329355320295	TRUE
set1IT075	L-Serine (N)	6/19/2014 Keio_ML9_set1	75	1394444	0	948976	940699	167	618.5	258.008502468459	0.302860895973327	0.171953697624101	0.661198086548241	0.645434697320285	0.182222222052309	0.0759618524737597	-0.0708275181454073	4.38593024132187	TRUE
set1IT076	L-Serine (N)	6/19/2014 Keio_ML9_set1	76	1580564	0	1075670	1066069	189	618.5	292.394130554032	0.287614053706604	0.170608836869489	0.656045598782639	0.645434697320285	0.259330907516163	0.0130792162756442	-0.0622664104903261	4.30409769470094	TRUE
set1IT077	L-Asparagine (N)	6/19/2014 Keio_ML9_set1	77	1464583	0	994949	986719	173	618.5	270.630554031816	0.305616437100321	0.161965520318839	0.667424660913129	0.645434697320285	0.205495761821437	0.0724246102251794	-0.0957270104136319	1.31314391289327	TRUE
set1IT078	L-Asparagine (N)	6/19/2014 Keio_ML9_set1	78	1573304	0	1069807	1060738	188	618.5	290.931980252331	0.301570067534734	0.163000655264799	0.645716531800253	0.645434697320285	0.237313019503663	0.0344032579515311	-0.0842622761444517	1.26730650698732	TRUE
set1IT079	L-Glutamine (N)	6/19/2014 Keio_ML9_set1	79	1735403	0	1179495	1169573	207	618.5	320.782501371366	0.303968977402512	0.151178242865231	0.658963082164933	0.645434697320285	0.230317537818489	0.0259194490525386	-0.0800161352205911	0.971302904908468	TRUE
set1IT080	L-Glutamine (N)	6/19/2014 Keio_ML9_set1	80	1650124	0	1121794	1112116	196.5	618.5	305.023587493143	0.270376635484784	0.153764320414847	0.648288436089985	0.645434697320285	0.200243662671138	0.0361887611650572	-0.0864113786206416	0.970702108167528	TRUE
set1IT081	Glycine (N)	6/19/2014 Keio_ML9_set1	81	1389586	0	943705	935474	166	618.5	256.575425123423	0.341322616341842	0.17537346006772	0.653549585978569	0.645434697320285	0.193871108860193	0.00258541603730648	-0.0811510818778888	2.44910656537057	TRUE
set1IT082	Glycine (N)	6/19/2014 Keio_ML9_set1	82	1500268	0	1018866	1009898	178	618.5	276.987931980252	0.316646479038442	0.183456155784828	0.658211482751795	0.645434697320285	0.244296965629206	0.0586362739475944	-0.0812766263986705	2.18976242914482	TRUE
set1IT083	L-Alanine (N)	6/19/2014 Keio_ML9_set1	83	1519989	0	1034469	1025560	182	618.5	281.28359846407	0.338604377185342	0.151349206523354	0.669851398307669	0.645434697320285	0.229379304930674	0.0205279700527356	-0.0770754956778528	1.71785147168227	TRUE
set1IT084	L-Alanine (N)	6/19/2014 Keio_ML9_set1	84	1648310	0	1121235	1111532	197	618.5	304.86341195831	0.313898935812061	0.163655788779489	0.667424660913129	0.645434697320285	0.182154441132602	0.0145044372851181	-0.0654825688538008	1.47605675954705	TRUE
set1IT085	D-Serine (N)	6/19/2014 Keio_ML9_set1	85	1488910	0	1014016	1004999	177.5	618.5	275.64426769062	0.326984028459444	0.167441508908793	0.666756591884803	0.645434697320285	0.252001779915927	-0.00428545988611987	-0.081332701335302	2.51633691974216	TRUE
set1IT086	D-Serine (N)	6/19/2014 Keio_ML9_set1	86	1535298	0	1045412	1035987	182.5	618.5	284.143444871092	0.338546143098952	0.164191003736119	0.660513533728333	0.645434697320285	0.209159070005814	0.0405479030379814	-0.0824099033425146	2.59886823894299	TRUE
set1IT087	D-Alanine (N)	6/19/2014 Keio_ML9_set1	87	1521199	0	1034089	1025450	181	618.5	281.253428414701	0.317061150292735	0.156803927910865	0.652076696579694	0.645434697320285	0.223575409508094	0.0376697508440596	-0.0805137364473262	1.44206022683909	TRUE
set1IT088	D-Alanine (N)	6/19/2014 Keio_ML9_set1	88	1385932	0	941948	934205	164	618.5	256.227372462973	0.339297816362384	0.160458299506483	0.667923949736555	0.645434697320285	0.274953565963671	0.0822311531142506	-0.0935387074089557	1.46151800700692	TRUE
set1IT089	Gly-DL-Asp (N)	6/19/2014 Keio_ML9_set1	89	1284669	0	872559	865354	149	618.5	237.343390016456	0.35479462221133	0.167733629914101	0.655351828612554	0.645434697320285	0.243013056341188	-0.00298235743149883	-0.0864615225814923	2.19746488209723	TRUE
set1IT090	Gly-DL-Asp (N)	6/19/2014 Keio_ML9_set1	90	1405909	0	955527	947392	166	618.5	259.844212835985	0.366613480987017	0.167775531072202	0.658383570190526	0.645434697320285	0.213988720175718	0.0215744739103275	-0.0817702750593671	2.17683563558285	TRUE
set1IT091	Gly-Glu (N)	6/19/2014 Keio_ML9_set1	91	1733251	0	1177208	1166203	203	618.5	319.858200767965	0.334478937347658	0.17120669284482	0.693896872274321	0.645434697320285	0.212362875290446	0.0542415470965091	-0.0568887051941648	5.48227614485036	TRUE
set1IT092	Gly-Glu (N)	6/19/2014 Keio_ML9_set1	92	1514995	0	1030224	1020473	176.5	618.5	279.888370817334	0.296154925136795	0.193860182205563	0.675377795943374	0.645434697320285	0.203715777735853	0.0238210511349424	-0.0651214261601076	5.39523229985863	TRUE
set1IT093	casaminos (N)	6/19/2014 Keio_ML9_set1	93	1376079	0	936920	928897	167	618.5	254.771530444323	0.241026383026869	0.152465212513485	0.660513533728333	0.645434697320285	0.163043415973907	0.00347307866900529	-0.0446090950259687	2.72390381479704	TRUE
set1IT094	casaminos (N)	6/19/2014 Keio_ML9_set1	94	1610995	0	1097671	1088312	195	618.5	298.494788809654	0.218702783384232	0.150670695656534	0.652866565222959	0.645434697320285	0.19830507272568	0.0221792822794821	-0.0475275198066182	2.98656204666365	TRUE
set1IT095	Putrescine (N)	6/19/2014 Keio_ML9_set1	95	1744035	0	1181906	1171464	197	618.5	321.30115194734	0.472842282571892	0.17997527605516	0.680822516128672	0.645434697320285	0.328237291929463	0.0601581315348074	-0.0958460794912781	4.56481402647518	TRUE
set1IT096	Putrescine (N)	6/19/2014 Keio_ML9_set1	96	1762088	0	1196637	1186584	206	618.5	325.44816236972	0.445876539298782	0.159213244996154	0.661719699705193	0.645434697320285	0.296758855083559	0.0639391289043469	-0.101133391785139	2.59595882137159	TRUE
set2IT024	LB	6/24/2014 Keio_ML9_set2	99	1011975	0	690534	684539	123	93	187.75068568294	0.0835877994373833	0.224010897728411	0.662965012722429	0.633872101202103	0.0573273579779711	0.0712973181178529	0.0773339281755527	1.73887889422584	FALSE
set2IT034	LB	6/24/2014 Keio_ML9_set2	100	1016790	0	693155	687113	125	93	188.456664838179	0.0598253458695281	0.24021663991868	0.662965012722429	0.633872101202103	0.0398527768494022	0.0368737110298546	0.0760534960542686	2.36375534783239	FALSE
set2IT045	LB	6/30/2014 Keio_ML9_set2	103	1036557	0	707202	700968	127	203	192.256719692814	0.0976223153929266	0.20248122805052	0.659771088369694	0.637429920615292	0.11666512383383	0.040451625991675	0.0745401639158613	1.28783262564577	FALSE
set2IT055	LB	6/30/2014 Keio_ML9_set2	104	1040614	0	710113	703904	127	203	193.061985737795	0.0861835476412757	0.201444552125197	0.664815808410371	0.637429920615292	0.0828917961689496	0.00381194509570451	0.0732724489094982	1.1838239286931	FALSE
set2IT069	LB	6/30/2014 Keio_ML9_set2	105	899044	0	613210	607636	110	203	166.6582556226	0.102069374945543	0.209700427558389	0.675160309692735	0.637429920615292	0.0792739782499308	0.0461291494448475	0.0727681736925751	1.62338643701209	TRUE
set2IT079	LB	6/30/2014 Keio_ML9_set2	106	1182339	0	806448	799319	145.5	203	219.23176083379	0.0725616757641008	0.203869129974428	0.659924558402379	0.637429920615292	0.101314007381397	-0.0172808680399417	0.0681003439388109	1.11308284164698	FALSE
set2IT090	LB	6/30/2014 Keio_ML9_set2	107	846480	0	577796	572712	104	203	157.079539221064	0.0816102179328046	0.210507726309487	0.678071905112637	0.637429920615292	0.0387643611514228	0.0112663924773831	0.0748536207600853	1.15881693875614	FALSE
set2IT091	Time0	6/30/2014 Keio_ML9_set2	108	965764	0	659286	654289	105	99	179.453922106418	-0.0245077307417306	0.23103269791375	0.637429920615292	0.656045598782638	-0.0185973036604552	0.0552748111489111	-0.0263973357550377	2.08079264486029	FALSE
set2IT092	Time0	6/30/2014 Keio_ML9_set2	109	920883	0	629206	624605	99	105	171.312397147559	-0.0245077307417306	0.23103269791375	0.656045598782638	0.637429920615292	-0.0185973036604552	0.0552748111489111	0.0263973357550377	2.14136599524808	FALSE
set2IT095	D-Galacturonic Acid (C) M9	6/30/2014 Keio_ML9_set2	110	960419	0	652151	646228	110	203	177.24300603401	0.288882713347877	0.210141330740764	0.65950945408621	0.637429920615292	0.237802220696915	0.0819613361163381	-0.116375503848341	1.5645005918963	TRUE
set2IT096	D-Glucose (C) M9	6/30/2014 Keio_ML9_set2	111	958684	0	652013	646037	112	203	177.190619857378	0.238072809270094	0.20591133559835	0.65669825432007	0.637429920615292	0.166461981097402	0.0448123281465565	-0.115251450482936	1.58831321735177	TRUE
